 3.54 -0.70 -0.22 -0.37 -0.70 -0.59  0.00  0.00 -0.01  0.00  0.00  0.00  0.00  0.29  0.00  0.00  0.00  0.23 -0.16 -0.28  0.16  0.00 -0.23  0.00  0.00  0.00  0.00  0.00  0.00  0.00  0.00 -0.50 -0.38  0.00  0.00  0.00
-0.70  3.72 -0.86 -0.68  0.00  0.00  0.00  0.00  0.00  0.00  0.00  0.00  0.00  0.00  0.00  0.00 -0.21 -0.38  0.00  0.00  0.00  0.00  0.37  0.21  0.00  0.00  0.00  0.00  0.00  0.00  0.00  0.00  0.00  0.00 -0.87 -0.56
-0.22 -0.86  3.89  0.00 -0.79  0.00  0.00  0.00  0.00  0.00  0.13  0.00  0.17  0.00  0.00  0.00  0.00  0.15  0.00  0.00  0.22  0.00  0.00 -0.35 -0.33  0.00 -0.29  0.00  0.00  0.00 -0.83  0.00  0.00  0.00  0.00 -0.83
-0.37 -0.68  0.00  3.52  0.00 -0.67 -0.16 -0.14  0.00  0.00  0.00  0.00  0.00  0.00  0.00  0.00  0.34  0.00 -0.22  0.00  0.00  0.00 -0.14  0.00  0.00  0.33  0.00  0.00  0.00 -0.44  0.00  0.00  0.00 -0.65 -0.63  0.00
-0.70  0.00 -0.79  0.00  3.67  0.00  0.00  0.00  0.00 -0.09  0.00 -0.12  0.00  0.00  0.00  0.00  0.00  0.00  0.00  0.32 -0.38  0.00  0.00  0.00  0.28  0.00  0.00 -0.65  0.00  0.00 -0.67 -0.78  0.00  0.00  0.00  0.00
-0.59  0.00  0.00 -0.67  0.00  3.86  0.00  0.00  0.00  0.00  0.00  0.00  0.00 -0.30  0.08  0.00  0.00  0.00  0.38  0.00  0.00  0.11  0.00  0.00  0.00 -0.26  0.00  0.00 -0.48  0.00  0.00  0.00 -1.05 -0.99  0.00  0.00
 0.00  0.00  0.00 -0.16  0.00  0.00  3.78 -2.18  0.00  0.00  0.00  0.00  0.00  0.00  0.00  0.00 -1.56  0.00  0.00  0.00  0.00  0.00  0.00  0.00  0.00  0.00  0.00  0.00  0.00 166.66  0.00  0.00  0.00  0.00 166.83  0.00
 0.00  0.00  0.00 -0.14  0.00  0.00 -2.18  3.72  0.00  0.00  0.00  0.00  0.00  0.00  0.00  0.00  0.00  0.00  0.00  0.00  0.00  0.00  0.00  0.00  0.00 -1.50  0.00  0.00  0.00 187.51  0.00  0.00  0.00 187.64  0.00  0.00
-0.01  0.00  0.00  0.00  0.00  0.00  0.00  0.00  4.55  0.00  0.00  0.00  0.00 -2.56  0.00  0.00  0.00  0.00  0.00 -1.94  0.00  0.00  0.00  0.00  0.00  0.00  0.00  0.00  0.00  0.00  0.00 166.58 166.77  0.00  0.00  0.00
 0.00  0.00  0.00  0.00 -0.09  0.00  0.00  0.00  0.00  2.95  0.00 -1.47  0.00  0.00  0.00  0.00  0.00  0.00  0.00  0.00  0.00  0.00  0.00  0.00 -1.44  0.00  0.00 187.51  0.00  0.00 187.59  0.00  0.00  0.00  0.00  0.00
 0.00  0.00  0.13  0.00  0.00  0.00  0.00  0.00  0.00  0.00  4.54  0.00 -3.31  0.00  0.00  0.00  0.00  0.00  0.00  0.00  0.00  0.00  0.00  0.00 -1.18  0.00 187.50  0.00  0.00  0.00 187.37  0.00  0.00  0.00  0.00  0.00
 0.00  0.00  0.00  0.00 -0.12  0.00  0.00  0.00  0.00 -1.47  0.00  2.75  0.00  0.00  0.00  0.00  0.00  0.00  0.00 -1.24  0.00  0.00  0.00  0.00  0.00  0.00  0.00 166.66  0.00  0.00  0.00 166.80  0.00  0.00  0.00  0.00
 0.00  0.00  0.17  0.00  0.00  0.00  0.00  0.00  0.00  0.00 -3.31  0.00  4.55  0.00  0.00  0.00  0.00  0.00  0.00  0.00  0.00  0.00  0.00 -1.19  0.00  0.00 166.66  0.00  0.00  0.00  0.00  0.00  0.00  0.00  0.00 166.50
 0.29  0.00  0.00  0.00  0.00 -0.30  0.00  0.00 -2.56  0.00  0.00  0.00  0.00  5.21  0.00  0.00  0.00  0.00 -1.69  0.00  0.00 -0.93  0.00  0.00  0.00  0.00  0.00  0.00  0.00  0.00  0.00  0.00  0.02  0.00  0.00  0.00
 0.00  0.00  0.00  0.00  0.00  0.08  0.00  0.00  0.00  0.00  0.00  0.00  0.00  0.00  3.01  0.00  0.00  0.00  0.00  0.00  0.00 -2.00  0.00  0.00  0.00 -0.97  0.00  0.00 187.49  0.00  0.00  0.00  0.00 187.43  0.00  0.00
 0.00  0.00  0.00  0.00  0.00  0.00  0.00  0.00  0.00  0.00  0.00  0.00  0.00  0.00  0.00  2.86 -1.10  0.00  0.00  0.00  0.00  0.00  0.00 -1.73  0.00  0.00  0.00  0.00  0.00  0.00  0.00  0.00  0.00  0.00 166.63 166.70
 0.00 -0.21  0.00  0.34  0.00  0.00 -1.56  0.00  0.00  0.00  0.00  0.00  0.00  0.00  0.00 -1.10  4.16  0.00  0.00  0.00  0.00  0.00 -1.46  0.00  0.00  0.00  0.00  0.00  0.00  0.00  0.00  0.00  0.00  0.00 -0.13  0.00
 0.23 -0.38  0.15  0.00  0.00  0.00  0.00  0.00  0.00  0.00  0.00  0.00  0.00  0.00  0.00  0.00  0.00  7.06  0.00  0.00 -4.44  0.00 -1.44 -1.16  0.00  0.00  0.00  0.00  0.00  0.00  0.00  0.00  0.00  0.00  0.00  0.00
-0.16  0.00  0.00 -0.22  0.00  0.38  0.00  0.00  0.00  0.00  0.00  0.00  0.00 -1.69  0.00  0.00  0.00  0.00  5.77  0.00  0.00  0.00 -2.57  0.00  0.00 -1.48  0.00  0.00  0.00  0.00  0.00  0.00  0.00  0.00  0.00  0.00
-0.28  0.00  0.00  0.00  0.32  0.00  0.00  0.00 -1.94  0.00  0.00 -1.24  0.00  0.00  0.00  0.00  0.00  0.00  0.00  4.63 -1.41  0.00  0.00  0.00  0.00  0.00  0.00  0.00  0.00  0.00  0.00 -0.04  0.00  0.00  0.00  0.00
 0.16  0.00  0.22  0.00 -0.38  0.00  0.00  0.00  0.00  0.00  0.00  0.00  0.00  0.00  0.00  0.00  0.00 -4.44  0.00 -1.41  7.15  0.00  0.00  0.00 -1.27  0.00  0.00  0.00  0.00  0.00  0.00  0.00  0.00  0.00  0.00  0.00
 0.00  0.00  0.00  0.00  0.00  0.11  0.00  0.00  0.00  0.00  0.00  0.00  0.00 -0.93 -2.00  0.00  0.00  0.00  0.00  0.00  0.00  2.96  0.00  0.00  0.00  0.00  0.00  0.00 166.68  0.00  0.00  0.00 166.55  0.00  0.00  0.00
-0.23  0.37  0.00 -0.14  0.00  0.00  0.00  0.00  0.00  0.00  0.00  0.00  0.00  0.00  0.00  0.00 -1.46 -1.44 -2.57  0.00  0.00  0.00  5.50  0.00  0.00  0.00  0.00  0.00  0.00  0.00  0.00  0.00  0.00  0.00  0.00  0.00
 0.00  0.21 -0.35  0.00  0.00  0.00  0.00  0.00  0.00  0.00  0.00  0.00 -1.19  0.00  0.00 -1.73  0.00 -1.16  0.00  0.00  0.00  0.00  0.00  4.10  0.00  0.00  0.00  0.00  0.00  0.00  0.00  0.00  0.00  0.00  0.00  0.14
 0.00  0.00 -0.33  0.00  0.28  0.00  0.00  0.00  0.00 -1.44 -1.18  0.00  0.00  0.00  0.00  0.00  0.00  0.00  0.00  0.00 -1.27  0.00  0.00  0.00  3.91  0.00  0.00  0.00  0.00  0.00  0.05  0.00  0.00  0.00  0.00  0.00
 0.00  0.00  0.00  0.33  0.00 -0.26  0.00 -1.50  0.00  0.00  0.00  0.00  0.00  0.00 -0.97  0.00  0.00  0.00 -1.48  0.00  0.00  0.00  0.00  0.00  0.00  3.98  0.00  0.00  0.00  0.00  0.00  0.00  0.00 -0.06  0.00  0.00
 0.00  0.00 -0.29  0.00  0.00  0.00  0.00  0.00  0.00  0.00  0.00  0.00 -0.00  0.00  0.00  0.00  0.00  0.00  0.00  0.00  0.00  0.00  0.00  0.00  0.00  0.00 194.43  0.00  0.00  0.00 100.86  0.00  0.00  0.00  0.00 92.35
 0.00  0.00  0.00  0.00 -0.65  0.00  0.00  0.00  0.00  0.01  0.00 -0.01  0.00  0.00  0.00  0.00  0.00  0.00  0.00  0.00  0.00  0.00  0.00  0.00  0.00  0.00  0.00 167.63  0.00  0.00 89.64 76.74  0.00  0.00  0.00  0.00
 0.00  0.00  0.00  0.00  0.00 -0.48  0.00  0.00  0.00  0.00  0.00  0.00  0.00  0.00 -0.01  0.00  0.00  0.00  0.00  0.00  0.00  0.01  0.00  0.00  0.00  0.00  0.00  0.00 186.63  0.00  0.00  0.00 88.95 96.69  0.00  0.00
 0.00  0.00  0.00 -0.44  0.00  0.00 -0.01  0.01  0.00  0.00  0.00  0.00  0.00  0.00  0.00  0.00  0.00  0.00  0.00  0.00  0.00  0.00  0.00  0.00  0.00  0.00  0.00  0.00  0.00 161.65  0.00  0.00  0.00 86.62 73.66  0.00
 0.00  0.00 -0.83  0.00 -0.67  0.00  0.00  0.00  0.00  0.09 -0.13  0.00  0.00  0.00  0.00  0.00  0.00  0.00  0.00  0.00  0.00  0.00  0.00  0.00  0.05  0.00 86.27 97.65  0.00  0.00 186.05  0.00  0.00  0.00  0.00  0.00
-0.50  0.00  0.00  0.00 -0.78  0.00  0.00  0.00 -0.09  0.00  0.00  0.13  0.00  0.00  0.00  0.00  0.00  0.00  0.00 -0.04  0.00  0.00  0.00  0.00  0.00  0.00  0.00 89.56  0.00  0.00  0.00 165.82 74.05  0.00  0.00  0.00
-0.38  0.00  0.00  0.00  0.00 -1.05  0.00  0.00  0.10  0.00  0.00  0.00  0.00  0.02  0.00  0.00  0.00  0.00  0.00  0.00  0.00 -0.12  0.00  0.00  0.00  0.00  0.00  0.00 77.39  0.00  0.00 92.09 171.80  0.00  0.00  0.00
 0.00  0.00  0.00 -0.65  0.00 -0.99  0.00  0.14  0.00  0.00  0.00  0.00  0.00  0.00 -0.07  0.00  0.00  0.00  0.00  0.00  0.00  0.00  0.00  0.00  0.00 -0.06  0.00  0.00 90.65 100.52  0.00  0.00  0.00 193.37  0.00  0.00
 0.00 -0.87  0.00 -0.63  0.00  0.00  0.17  0.00  0.00  0.00  0.00  0.00  0.00  0.00  0.00 -0.04 -0.13  0.00  0.00  0.00  0.00  0.00  0.00  0.00  0.00  0.00  0.00  0.00  0.00 92.47  0.00  0.00  0.00  0.00 174.93 80.21
 0.00 -0.56 -0.83  0.00  0.00  0.00  0.00  0.00  0.00  0.00  0.00  0.00 -0.17  0.00  0.00  0.03  0.00  0.00  0.00  0.00  0.00  0.00  0.00  0.14  0.00  0.00 73.78  0.00  0.00  0.00  0.00  0.00  0.00  0.00 86.29 162.20
