10.09 -3.50 -0.73 -0.84 -0.74 -0.72  0.00  0.00 -3.52  0.00  0.00  0.00  0.00  1.00  0.00  0.00  0.00 -1.92  2.70  1.13  2.64  0.00 -2.03  0.00  0.00  0.00  0.00  0.00  0.00  0.00  0.00 -1.65 -1.83  0.00  0.00  0.00
-3.50 10.24 -0.96 -0.95  0.00  0.00  0.00  0.00  0.00  0.00  0.00  0.00  0.00  0.00  0.00 -3.93  2.95 -0.98  0.00  0.00  0.00  0.00 -0.93  2.89  0.00  0.00  0.00  0.00  0.00  0.00  0.00  0.00  0.00  0.00 -2.46 -2.32
-0.73 -0.96 11.28  0.00 -3.68  0.00  0.00  0.00  0.00  0.00  3.49  0.00 -3.04  0.00  0.00  0.00  0.00  2.90  0.00  0.00 -2.51  0.00  0.00  0.11 -0.96  0.00 -1.08  0.00  0.00  0.00 -1.20  0.00  0.00  0.00  0.00 -3.55
-0.84 -0.95  0.00 11.08  0.00 -3.51 -3.10  3.46  0.00  0.00  0.00  0.00  0.00  0.00  0.00  0.00  0.11  0.00 -2.56  0.00  0.00  0.00  2.96  0.00  0.00 -0.89  0.00  0.00  0.00 -1.13  0.00  0.00  0.00 -1.25 -3.32  0.00
-0.74  0.00 -3.68  0.00 11.88  0.00  0.00  0.00  0.00  3.80  0.00 -3.52  0.00  0.00  0.00  0.00  0.00  0.00  0.00  2.18 -0.13  0.00  0.00  0.00 -2.33  0.00  0.00 -1.66  0.00  0.00 -1.75 -3.98  0.00  0.00  0.00  0.00
-0.72  0.00  0.00 -3.51  0.00 11.83  0.00  0.00  0.00  0.00  0.00  0.00  0.00  2.36  3.86  0.00  0.00  0.00 -0.15  0.00  0.00 -3.63  0.00  0.00  0.00 -2.44  0.00  0.00 -1.86  0.00  0.00  0.00 -3.76 -1.91  0.00  0.00
 0.00  0.00  0.00 -3.10  0.00  0.00 10.19 -7.95  0.00  0.00  0.00  0.00  0.00  0.00  0.00  0.00 -1.87  0.00  0.00  0.00  0.00  0.00  0.00  0.00  0.00  0.00  0.00  0.00  0.00  2.00  0.00  0.00  0.00  0.00  1.10  0.00
 0.00  0.00  0.00  3.46  0.00  0.00 -7.95 14.06  0.00  0.00  0.00  0.00  0.00  0.00  0.00  0.00  0.00  0.00  0.00  0.00  0.00  0.00  0.00  0.00  0.00 -5.71  0.00  0.00  0.00 -2.00  0.00  0.00  0.00 -1.46  0.00  0.00
-3.52  0.00  0.00  0.00  0.00  0.00  0.00  0.00  9.70  0.00  0.00  0.00  0.00 -4.36  0.00  0.00  0.00  0.00  0.00 -4.96  0.00  0.00  0.00  0.00  0.00  0.00  0.00  0.00  0.00  0.00  0.00  1.79  1.73  0.00  0.00  0.00
 0.00  0.00  0.00  0.00  3.80  0.00  0.00  0.00  0.00 10.52  0.00 -5.41  0.00  0.00  0.00  0.00  0.00  0.00  0.00  0.00  0.00  0.00  0.00  0.00 -4.71  0.00  0.00 -2.00  0.00  0.00 -1.80  0.00  0.00  0.00  0.00  0.00
 0.00  0.00  3.49  0.00  0.00  0.00  0.00  0.00  0.00  0.00 14.72  0.00 -8.33  0.00  0.00  0.00  0.00  0.00  0.00  0.00  0.00  0.00  0.00  0.00 -5.99  0.00 -2.00  0.00  0.00  0.00 -1.49  0.00  0.00  0.00  0.00  0.00
 0.00  0.00  0.00  0.00 -3.52  0.00  0.00  0.00  0.00 -5.41  0.00  7.61  0.00  0.00  0.00  0.00  0.00  0.00  0.00 -1.84  0.00  0.00  0.00  0.00  0.00  0.00  0.00  2.00  0.00  0.00  0.00  1.52  0.00  0.00  0.00  0.00
 0.00  0.00 -3.04  0.00  0.00  0.00  0.00  0.00  0.00  0.00 -8.33  0.00 10.41  0.00  0.00  0.00  0.00  0.00  0.00  0.00  0.00  0.00  0.00 -1.71  0.00  0.00  2.00  0.00  0.00  0.00  0.00  0.00  0.00  0.00  0.00  1.04
 1.00  0.00  0.00  0.00  0.00  2.36  0.00  0.00 -4.36  0.00  0.00  0.00  0.00 14.08  0.00  0.00  0.00  0.00 -7.64  0.00  0.00 -2.04  0.00  0.00  0.00  0.00  0.00  0.00  0.00  0.00  0.00  0.00 -3.36  0.00  0.00  0.00
 0.00  0.00  0.00  0.00  0.00  3.86  0.00  0.00  0.00  0.00  0.00  0.00  0.00  0.00  9.67  0.00  0.00  0.00  0.00  0.00  0.00 -4.82  0.00  0.00  0.00 -4.44  0.00  0.00 -2.00  0.00  0.00  0.00  0.00 -1.86  0.00  0.00
 0.00 -3.93  0.00  0.00  0.00  0.00  0.00  0.00  0.00  0.00  0.00  0.00  0.00  0.00  0.00  7.80 -3.60  0.00  0.00  0.00  0.00  0.00  0.00 -3.84  0.00  0.00  0.00  0.00  0.00  0.00  0.00  0.00  0.00  0.00  1.96  1.97
 0.00  2.95  0.00  0.11  0.00  0.00 -1.87  0.00  0.00  0.00  0.00  0.00  0.00  0.00  0.00 -3.60 11.81  0.00  0.00  0.00  0.00  0.00 -6.31  0.00  0.00  0.00  0.00  0.00  0.00  0.00  0.00  0.00  0.00  0.00 -3.06  0.00
-1.92 -0.98  2.90  0.00  0.00  0.00  0.00  0.00  0.00  0.00  0.00  0.00  0.00  0.00  0.00  0.00  0.00 19.70  0.00  0.00 -12.17  0.00 -1.43 -6.08  0.00  0.00  0.00  0.00  0.00  0.00  0.00  0.00  0.00  0.00  0.00  0.00
 2.70  0.00  0.00 -2.56  0.00 -0.15  0.00  0.00  0.00  0.00  0.00  0.00  0.00 -7.64  0.00  0.00  0.00  0.00 19.78  0.00  0.00  0.00 -10.58  0.00  0.00 -1.52  0.00  0.00  0.00  0.00  0.00  0.00  0.00  0.00  0.00  0.00
 1.13  0.00  0.00  0.00  2.18  0.00  0.00  0.00 -4.96  0.00  0.00 -1.84  0.00  0.00  0.00  0.00  0.00  0.00  0.00 14.23 -7.39  0.00  0.00  0.00  0.00  0.00  0.00  0.00  0.00  0.00  0.00 -3.30  0.00  0.00  0.00  0.00
 2.64  0.00 -2.51  0.00 -0.13  0.00  0.00  0.00  0.00  0.00  0.00  0.00  0.00  0.00  0.00  0.00  0.00 -12.17  0.00 -7.39 21.03  0.00  0.00  0.00 -1.43  0.00  0.00  0.00  0.00  0.00  0.00  0.00  0.00  0.00  0.00  0.00
 0.00  0.00  0.00  0.00  0.00 -3.63  0.00  0.00  0.00  0.00  0.00  0.00  0.00 -2.04 -4.82  0.00  0.00  0.00  0.00  0.00  0.00  7.23  0.00  0.00  0.00  0.00  0.00  0.00  2.00  0.00  0.00  0.00  1.63  0.00  0.00  0.00
-2.03 -0.93  0.00  2.96  0.00  0.00  0.00  0.00  0.00  0.00  0.00  0.00  0.00  0.00  0.00  0.00 -6.31 -1.43 -10.58  0.00  0.00  0.00 18.35  0.00  0.00  0.00  0.00  0.00  0.00  0.00  0.00  0.00  0.00  0.00  0.00  0.00
 0.00  2.89  0.11  0.00  0.00  0.00  0.00  0.00  0.00  0.00  0.00  0.00 -1.71  0.00  0.00 -3.84  0.00 -6.08  0.00  0.00  0.00  0.00  0.00 11.65  0.00  0.00  0.00  0.00  0.00  0.00  0.00  0.00  0.00  0.00  0.00 -3.01
 0.00  0.00 -0.96  0.00 -2.33  0.00  0.00  0.00  0.00 -4.71 -5.99  0.00  0.00  0.00  0.00  0.00  0.00  0.00  0.00  0.00 -1.43  0.00  0.00  0.00 12.16  0.00  0.00  0.00  0.00  0.00  3.29  0.00  0.00  0.00  0.00  0.00
 0.00  0.00  0.00 -0.89  0.00 -2.44  0.00 -5.71  0.00  0.00  0.00  0.00  0.00  0.00 -4.44  0.00  0.00  0.00 -1.52  0.00  0.00  0.00  0.00  0.00  0.00 11.71  0.00  0.00  0.00  0.00  0.00  0.00  0.00  3.33  0.00  0.00
 0.00  0.00 -1.08  0.00  0.00  0.00  0.00  0.00  0.00  0.00 -2.00  0.00  2.00  0.00  0.00  0.00  0.00  0.00  0.00  0.00  0.00  0.00  0.00  0.00  0.00  0.00  2.71  0.00  0.00  0.00 -0.97  0.00  0.00  0.00  0.00 -0.28
 0.00  0.00  0.00  0.00 -1.66  0.00  0.00  0.00  0.00 -2.00  0.00  2.00  0.00  0.00  0.00  0.00  0.00  0.00  0.00  0.00  0.00  0.00  0.00  0.00  0.00  0.00  0.00  2.77  0.00  0.00 -0.53 -0.19  0.00  0.00  0.00  0.00
 0.00  0.00  0.00  0.00  0.00 -1.86  0.00  0.00  0.00  0.00  0.00  0.00  0.00  0.00 -2.00  0.00  0.00  0.00  0.00  0.00  0.00  2.00  0.00  0.00  0.00  0.00  0.00  0.00  2.82  0.00  0.00  0.00 -0.17 -0.40  0.00  0.00
 0.00  0.00  0.00 -1.13  0.00  0.00  2.00 -2.00  0.00  0.00  0.00  0.00  0.00  0.00  0.00  0.00  0.00  0.00  0.00  0.00  0.00  0.00  0.00  0.00  0.00  0.00  0.00  0.00  0.00  2.72  0.00  0.00  0.00 -0.93 -0.28  0.00
 0.00  0.00 -1.20  0.00 -1.75  0.00  0.00  0.00  0.00 -1.80 -1.49  0.00  0.00  0.00  0.00  0.00  0.00  0.00  0.00  0.00  0.00  0.00  0.00  0.00  3.29  0.00 -0.97 -0.53  0.00  0.00  4.88  0.00  0.00  0.00  0.00  0.00
-1.65  0.00  0.00  0.00 -3.98  0.00  0.00  0.00  1.79  0.00  0.00  1.52  0.00  0.00  0.00  0.00  0.00  0.00  0.00 -3.30  0.00  0.00  0.00  0.00  0.00  0.00  0.00 -0.19  0.00  0.00  0.00  6.47 -0.27  0.00  0.00  0.00
-1.83  0.00  0.00  0.00  0.00 -3.76  0.00  0.00  1.73  0.00  0.00  0.00  0.00 -3.36  0.00  0.00  0.00  0.00  0.00  0.00  0.00  1.63  0.00  0.00  0.00  0.00  0.00  0.00 -0.17  0.00  0.00 -0.27  6.41  0.00  0.00  0.00
 0.00  0.00  0.00 -1.25  0.00 -1.91  0.00 -1.46  0.00  0.00  0.00  0.00  0.00  0.00 -1.86  0.00  0.00  0.00  0.00  0.00  0.00  0.00  0.00  0.00  0.00  3.33  0.00  0.00 -0.40 -0.93  0.00  0.00  0.00  4.90  0.00  0.00
 0.00 -2.46  0.00 -3.32  0.00  0.00  1.10  0.00  0.00  0.00  0.00  0.00  0.00  0.00  0.00  1.96 -3.06  0.00  0.00  0.00  0.00  0.00  0.00  0.00  0.00  0.00  0.00  0.00  0.00 -0.28  0.00  0.00  0.00  0.00  6.52 -0.09
 0.00 -2.32 -3.55  0.00  0.00  0.00  0.00  0.00  0.00  0.00  0.00  0.00  1.04  0.00  0.00  1.97  0.00  0.00  0.00  0.00  0.00  0.00  0.00 -3.01  0.00  0.00 -0.28  0.00  0.00  0.00  0.00  0.00  0.00  0.00 -0.09  6.60
