 3.54 -0.70 -0.27 -0.31 -0.66 -0.64  0.00  0.00  0.00  0.00  0.00  0.00  0.00  0.00  0.00  0.00  0.00  0.00  0.00  0.00  0.00  0.00  0.00  0.00  0.00  0.00  0.00  0.00  0.00  0.00  0.00 -0.42 -0.46  0.00  0.00  0.00
-0.70  3.72 -0.79 -0.75  0.00  0.00  0.00  0.00  0.00  0.00  0.00  0.00  0.00  0.00  0.00  0.00  0.00  0.00  0.00  0.00  0.00  0.00  0.00  0.00  0.00  0.00  0.00  0.00  0.00  0.00  0.00  0.00  0.00  0.00 -0.73 -0.69
-0.27 -0.79  3.71  0.00 -0.75  0.00  0.00  0.00  0.00  0.00  0.00  0.00  0.00  0.00  0.00  0.00  0.00  0.00  0.00  0.00  0.00  0.00  0.00  0.00  0.00  0.00 -0.36  0.00  0.00  0.00 -0.72  0.00  0.00  0.00  0.00 -0.75
-0.31 -0.75  0.00  3.69  0.00 -0.71  0.00  0.00  0.00  0.00  0.00  0.00  0.00  0.00  0.00  0.00  0.00  0.00  0.00  0.00  0.00  0.00  0.00  0.00  0.00  0.00  0.00  0.00  0.00 -0.37  0.00  0.00  0.00 -0.76 -0.71  0.00
-0.66  0.00 -0.75  0.00  3.77  0.00  0.00  0.00  0.00  0.00  0.00  0.00  0.00  0.00  0.00  0.00  0.00  0.00  0.00  0.00  0.00  0.00  0.00  0.00  0.00  0.00  0.00 -0.54  0.00  0.00 -0.82 -0.93  0.00  0.00  0.00  0.00
-0.64  0.00  0.00 -0.71  0.00  3.76  0.00  0.00  0.00  0.00  0.00  0.00  0.00  0.00  0.00  0.00  0.00  0.00  0.00  0.00  0.00  0.00  0.00  0.00  0.00  0.00  0.00  0.00 -0.60  0.00  0.00  0.00 -0.90 -0.84  0.00  0.00
 0.00  0.00  0.00  0.00  0.00  0.00  4.47 -2.72  0.00  0.00  0.00  0.00  0.00  0.00  0.00  0.00 -1.41  0.00  0.00  0.00  0.00  0.00  0.00  0.00  0.00  0.00  0.00  0.00  0.00  0.00  0.00  0.00  0.00  0.00  0.00  0.00
 0.00  0.00  0.00  0.00  0.00  0.00 -2.72  4.43  0.00  0.00  0.00  0.00  0.00  0.00  0.00  0.00  0.00  0.00  0.00  0.00  0.00  0.00  0.00  0.00  0.00 -1.31  0.00  0.00  0.00  0.00  0.00  0.00  0.00  0.00  0.00  0.00
 0.00  0.00  0.00  0.00  0.00  0.00  0.00  0.00  4.90  0.00  0.00  0.00  0.00 -2.19  0.00  0.00  0.00  0.00  0.00 -2.36  0.00  0.00  0.00  0.00  0.00  0.00  0.00  0.00  0.00  0.00  0.00  0.00  0.00  0.00  0.00  0.00
 0.00  0.00  0.00  0.00  0.00  0.00  0.00  0.00  0.00  3.46  0.00 -1.84  0.00  0.00  0.00  0.00  0.00  0.00  0.00  0.00  0.00  0.00  0.00  0.00 -1.22  0.00  0.00  0.00  0.00  0.00  0.00  0.00  0.00  0.00  0.00  0.00
 0.00  0.00  0.00  0.00  0.00  0.00  0.00  0.00  0.00  0.00  4.54  0.00 -2.76  0.00  0.00  0.00  0.00  0.00  0.00  0.00  0.00  0.00  0.00  0.00 -1.38  0.00  0.00  0.00  0.00  0.00  0.00  0.00  0.00  0.00  0.00  0.00
 0.00  0.00  0.00  0.00  0.00  0.00  0.00  0.00  0.00 -1.84  0.00  3.27  0.00  0.00  0.00  0.00  0.00  0.00  0.00 -1.08  0.00  0.00  0.00  0.00  0.00  0.00  0.00  0.00  0.00  0.00  0.00  0.00  0.00  0.00  0.00  0.00
 0.00  0.00  0.00  0.00  0.00  0.00  0.00  0.00  0.00  0.00 -2.76  0.00  4.44  0.00  0.00  0.00  0.00  0.00  0.00  0.00  0.00  0.00  0.00 -1.33  0.00  0.00  0.00  0.00  0.00  0.00  0.00  0.00  0.00  0.00  0.00  0.00
 0.00  0.00  0.00  0.00  0.00  0.00  0.00  0.00 -2.19  0.00  0.00  0.00  0.00  4.90  0.00  0.00  0.00  0.00 -1.57  0.00  0.00 -1.11  0.00  0.00  0.00  0.00  0.00  0.00  0.00  0.00  0.00  0.00  0.00  0.00  0.00  0.00
 0.00  0.00  0.00  0.00  0.00  0.00  0.00  0.00  0.00  0.00  0.00  0.00  0.00  0.00  3.26  0.00  0.00  0.00  0.00  0.00  0.00 -1.66  0.00  0.00  0.00 -1.19  0.00  0.00  0.00  0.00  0.00  0.00  0.00  0.00  0.00  0.00
 0.00  0.00  0.00  0.00  0.00  0.00  0.00  0.00  0.00  0.00  0.00  0.00  0.00  0.00  0.00  3.17 -1.37  0.00  0.00  0.00  0.00  0.00  0.00 -1.44  0.00  0.00  0.00  0.00  0.00  0.00  0.00  0.00  0.00  0.00  0.00  0.00
 0.00  0.00  0.00  0.00  0.00  0.00 -1.41  0.00  0.00  0.00  0.00  0.00  0.00  0.00  0.00 -1.37  4.14  0.00  0.00  0.00  0.00  0.00 -1.33  0.00  0.00  0.00  0.00  0.00  0.00  0.00  0.00  0.00  0.00  0.00  0.00  0.00
 0.00  0.00  0.00  0.00  0.00  0.00  0.00  0.00  0.00  0.00  0.00  0.00  0.00  0.00  0.00  0.00  0.00  6.44  0.00  0.00 -3.70  0.00 -1.43 -1.27  0.00  0.00  0.00  0.00  0.00  0.00  0.00  0.00  0.00  0.00  0.00  0.00
 0.00  0.00  0.00  0.00  0.00  0.00  0.00  0.00  0.00  0.00  0.00  0.00  0.00 -1.57  0.00  0.00  0.00  0.00  6.21  0.00  0.00  0.00 -3.20  0.00  0.00 -1.40  0.00  0.00  0.00  0.00  0.00  0.00  0.00  0.00  0.00  0.00
 0.00  0.00  0.00  0.00  0.00  0.00  0.00  0.00 -2.36  0.00  0.00 -1.08  0.00  0.00  0.00  0.00  0.00  0.00  0.00  4.99 -1.51  0.00  0.00  0.00  0.00  0.00  0.00  0.00  0.00  0.00  0.00  0.00  0.00  0.00  0.00  0.00
 0.00  0.00  0.00  0.00  0.00  0.00  0.00  0.00  0.00  0.00  0.00  0.00  0.00  0.00  0.00  0.00  0.00 -3.70  0.00 -1.51  6.59  0.00  0.00  0.00 -1.34  0.00  0.00  0.00  0.00  0.00  0.00  0.00  0.00  0.00  0.00  0.00
 0.00  0.00  0.00  0.00  0.00  0.00  0.00  0.00  0.00  0.00  0.00  0.00  0.00 -1.11 -1.66  0.00  0.00  0.00  0.00  0.00  0.00  3.12  0.00  0.00  0.00  0.00  0.00  0.00  0.00  0.00  0.00  0.00  0.00  0.00  0.00  0.00
 0.00  0.00  0.00  0.00  0.00  0.00  0.00  0.00  0.00  0.00  0.00  0.00  0.00  0.00  0.00  0.00 -1.33 -1.43 -3.20  0.00  0.00  0.00  5.99  0.00  0.00  0.00  0.00  0.00  0.00  0.00  0.00  0.00  0.00  0.00  0.00  0.00
 0.00  0.00  0.00  0.00  0.00  0.00  0.00  0.00  0.00  0.00  0.00  0.00 -1.33  0.00  0.00 -1.44  0.00 -1.27  0.00  0.00  0.00  0.00  0.00  4.07  0.00  0.00  0.00  0.00  0.00  0.00  0.00  0.00  0.00  0.00  0.00  0.00
 0.00  0.00  0.00  0.00  0.00  0.00  0.00  0.00  0.00 -1.22 -1.38  0.00  0.00  0.00  0.00  0.00  0.00  0.00  0.00  0.00 -1.34  0.00  0.00  0.00  3.97  0.00  0.00  0.00  0.00  0.00  0.00  0.00  0.00  0.00  0.00  0.00
 0.00  0.00  0.00  0.00  0.00  0.00  0.00 -1.31  0.00  0.00  0.00  0.00  0.00  0.00 -1.19  0.00  0.00  0.00 -1.40  0.00  0.00  0.00  0.00  0.00  0.00  3.93  0.00  0.00  0.00  0.00  0.00  0.00  0.00  0.00  0.00  0.00
 0.00  0.00 -0.36  0.00  0.00  0.00  0.00  0.00  0.00  0.00  0.00  0.00  0.00  0.00  0.00  0.00  0.00  0.00  0.00  0.00  0.00  0.00  0.00  0.00  0.00  0.00  1.22  0.00  0.00  0.00 -0.19  0.00  0.00  0.00  0.00 -0.28
 0.00  0.00  0.00  0.00 -0.54  0.00  0.00  0.00  0.00  0.00  0.00  0.00  0.00  0.00  0.00  0.00  0.00  0.00  0.00  0.00  0.00  0.00  0.00  0.00  0.00  0.00  0.00  1.22  0.00  0.00 -0.11 -0.19  0.00  0.00  0.00  0.00
 0.00  0.00  0.00  0.00  0.00 -0.60  0.00  0.00  0.00  0.00  0.00  0.00  0.00  0.00  0.00  0.00  0.00  0.00  0.00  0.00  0.00  0.00  0.00  0.00  0.00  0.00  0.00  0.00  1.23  0.00  0.00  0.00 -0.17 -0.08  0.00  0.00
 0.00  0.00  0.00 -0.37  0.00  0.00  0.00  0.00  0.00  0.00  0.00  0.00  0.00  0.00  0.00  0.00  0.00  0.00  0.00  0.00  0.00  0.00  0.00  0.00  0.00  0.00  0.00  0.00  0.00  1.22  0.00  0.00  0.00 -0.19 -0.28  0.00
 0.00  0.00 -0.72  0.00 -0.82  0.00  0.00  0.00  0.00  0.00  0.00  0.00  0.00  0.00  0.00  0.00  0.00  0.00  0.00  0.00  0.00  0.00  0.00  0.00  0.00  0.00 -0.19 -0.11  0.00  0.00  2.26  0.00  0.00  0.00  0.00  0.00
-0.42  0.00  0.00  0.00 -0.93  0.00  0.00  0.00  0.00  0.00  0.00  0.00  0.00  0.00  0.00  0.00  0.00  0.00  0.00  0.00  0.00  0.00  0.00  0.00  0.00  0.00  0.00 -0.19  0.00  0.00  0.00  2.18 -0.27  0.00  0.00  0.00
-0.46  0.00  0.00  0.00  0.00 -0.90  0.00  0.00  0.00  0.00  0.00  0.00  0.00  0.00  0.00  0.00  0.00  0.00  0.00  0.00  0.00  0.00  0.00  0.00  0.00  0.00  0.00  0.00 -0.17  0.00  0.00 -0.27  2.18  0.00  0.00  0.00
 0.00  0.00  0.00 -0.76  0.00 -0.84  0.00  0.00  0.00  0.00  0.00  0.00  0.00  0.00  0.00  0.00  0.00  0.00  0.00  0.00  0.00  0.00  0.00  0.00  0.00  0.00  0.00  0.00 -0.08 -0.19  0.00  0.00  0.00  2.28  0.00  0.00
 0.00 -0.73  0.00 -0.71  0.00  0.00  0.00  0.00  0.00  0.00  0.00  0.00  0.00  0.00  0.00  0.00  0.00  0.00  0.00  0.00  0.00  0.00  0.00  0.00  0.00  0.00  0.00  0.00  0.00 -0.28  0.00  0.00  0.00  0.00  2.18 -0.09
 0.00 -0.69 -0.75  0.00  0.00  0.00  0.00  0.00  0.00  0.00  0.00  0.00  0.00  0.00  0.00  0.00  0.00  0.00  0.00  0.00  0.00  0.00  0.00  0.00  0.00  0.00 -0.28  0.00  0.00  0.00  0.00  0.00  0.00  0.00 -0.09  2.19
